0 1.750000 16.855932 1.000000 1.000000
0 0.840909 40.333333 1.000000 1.000000
0 4.250000 26.722222 1.000000 1.000000
0 5.307692 24.350000 1.000000 1.000000
0 3.500000 34.018519 1.000000 1.000000
0 5.460000 14.850877 1.000000 1.000000
0 4.590909 15.722222 1.000000 1.000000
0 2.772727 13.370968 1.000000 1.000000
0 1.250000 22.681818 1.000000 1.000000
0 1.357143 14.903846 1.000000 1.000000
0 1.906250 37.289474 1.000000 1.000000
0 4.214286 21.937500 1.000000 1.000000
0 4.725806 13.000000 1.000000 1.000000
0 7.555556 37.750000 1.000000 1.000000
0 3.766667 25.016129 1.000000 1.000000
0 2.928571 49.750000 1.000000 1.000000
0 9.500000 23.852941 1.000000 1.000000
0 7.690476 56.428571 1.000000 1.000000
0 8.214286 55.357143 1.000000 1.000000
0 11.500000 21.300000 1.000000 1.000000
0 6.722222 44.812500 1.000000 1.000000
0 6.189655 16.259259 1.000000 1.000000
0 5.121622 35.576923 1.000000 1.000000
0 6.600000 26.777778 1.000000 1.000000
0 4.380000 25.730769 1.000000 1.000000
0 3.055556 31.532258 1.000000 1.000000
0 2.011628 25.970588 1.000000 1.000000
0 1.121622 37.847826 1.000000 1.000000
0 0.700000 34.384615 1.000000 1.000000
0 5.454545 15.404762 1.000000 1.000000
0 3.792683 19.205882 1.000000 1.000000
0 2.337838 27.458333 1.000000 1.000000
0 0.735294 26.038462 1.000000 1.000000
0 2.140000 12.541667 1.000000 1.000000
0 1.258621 32.026316 1.000000 1.000000
0 2.812500 22.327586 1.000000 1.000000
0 10.029412 27.220000 1.000000 1.000000
0 5.822581 20.913793 1.000000 1.000000
0 7.710526 16.361111 1.000000 1.000000
0 6.423077 23.769231 1.000000 1.000000
0 5.100000 16.194444 1.000000 1.000000
0 3.145161 27.000000 1.000000 1.000000
0 2.772727 16.075758 1.000000 1.000000
0 1.015152 26.657895 1.000000 1.000000
0 0.957143 21.863636 1.000000 1.000000
0 3.642857 14.900000 1.000000 1.000000
0 2.472222 16.000000 1.000000 1.000000
0 2.458333 11.121622 1.000000 1.000000
0 1.794118 11.871429 1.000000 1.000000
0 8.153846 16.602564 1.000000 1.000000
0 10.363636 14.333333 1.000000 1.000000
0 9.500000 19.635135 1.000000 1.000000
0 0.666667 9.959459 1.000000 1.000000
0 5.185714 26.222222 1.000000 1.000000
0 5.846154 10.250000 1.000000 1.000000
0 4.500000 19.119048 1.000000 1.000000
0 13.200000 13.128571 1.000000 1.000000
0 13.264706 10.534483 1.000000 1.000000
0 7.375000 13.452381 1.000000 1.000000
0 11.888889 7.775862 1.000000 1.000000
0 6.229730 17.084906 1.000000 1.000000
0 10.108696 30.785714 1.000000 1.000000
0 11.900000 32.038462 1.000000 1.000000
0 12.642857 43.888889 1.000000 1.000000
0 12.409091 22.651515 1.000000 1.000000
0 15.447368 17.833333 1.000000 1.000000
0 15.727273 64.033333 1.000000 1.000000
0 17.400000 51.500000 1.000000 1.000000
0 19.236842 41.195652 1.000000 1.000000
0 20.900000 36.648148 1.000000 1.000000
0 16.277778 63.250000 1.000000 1.000000
0 25.409091 30.092593 1.000000 1.000000
0 12.000000 45.777778 1.000000 1.000000
0 20.233333 28.066667 1.000000 1.000000
0 14.000000 29.982759 1.000000 1.000000
0 21.264706 25.031250 1.000000 1.000000
0 13.692308 38.950000 1.000000 1.000000
0 15.108696 20.970588 1.000000 1.000000
0 16.000000 14.687500 1.000000 1.000000
0 13.260000 35.090909 1.000000 1.000000
0 14.100000 50.233333 1.000000 1.000000
0 24.250000 16.944444 1.000000 1.000000
0 25.388889 16.819149 1.000000 1.000000
0 14.944444 21.656250 1.000000 1.000000
0 13.464286 18.038462 1.000000 1.000000
0 10.343750 26.978261 1.000000 1.000000
0 7.385714 27.666667 1.000000 1.000000
0 8.088235 28.863636 1.000000 1.000000
0 13.868421 21.803030 1.000000 1.000000
0 22.566667 26.281250 1.000000 1.000000
0 33.772727 35.980000 1.000000 1.000000
0 40.277778 41.545455 1.000000 1.000000
0 11.823529 25.208333 1.000000 1.000000
0 23.625000 13.431818 1.000000 1.000000
0 18.558824 12.145833 1.000000 1.000000
0 32.136364 19.112903 1.000000 1.000000
0 12.131579 15.000000 1.000000 1.000000
0 11.666667 18.540000 1.000000 1.000000
0 13.119048 10.705882 1.000000 1.000000
0 11.035714 13.300000 1.000000 1.000000
0 9.348485 19.318182 1.000000 1.000000
0 9.500000 18.676471 1.000000 1.000000
0 19.880952 5.308511 1.000000 1.000000
0 12.468750 9.380000 1.000000 1.000000
0 20.115385 6.738095 1.000000 1.000000
0 20.794118 31.425926 1.000000 1.000000
0 22.214286 61.214286 1.000000 1.000000
0 24.447368 60.000000 1.000000 1.000000
0 33.166667 35.092593 1.000000 1.000000
0 34.888889 35.807692 1.000000 1.000000
0 55.863636 34.722222 1.000000 1.000000
0 64.300000 40.500000 1.000000 1.000000
0 48.583333 34.666667 1.000000 1.000000
0 43.115385 21.661290 1.000000 1.000000
