0 5.528302 7.966667 1.000000 1.000000
0 10.750000 8.008197 1.000000 1.000000
0 7.792135 20.970588 1.000000 1.000000
0 11.110169 18.611111 1.000000 1.000000
0 7.851351 15.174419 1.000000 1.000000
0 2.300000 2.742424 1.000000 1.000000
0 2.320000 4.740000 1.000000 1.000000
0 3.406977 5.928571 1.000000 1.000000
0 2.567797 7.240741 1.000000 1.000000
0 2.464912 14.673913 1.000000 1.000000
0 0.526316 9.970588 1.000000 1.000000
0 0.922535 12.250000 1.000000 1.000000
0 4.160000 15.500000 1.000000 1.000000
0 3.607692 13.120690 1.000000 1.000000
0 7.066667 10.913793 1.000000 1.000000
0 3.700000 22.140000 1.000000 1.000000
0 2.988889 22.574074 1.000000 1.000000
0 0.513889 20.566667 1.000000 1.000000
0 0.517857 17.166667 1.000000 1.000000
0 2.728571 32.833333 1.000000 1.000000
0 1.090909 24.625000 1.000000 1.000000
0 5.285714 22.985714 1.000000 1.000000
0 7.844828 20.294118 1.000000 1.000000
0 4.132353 13.931818 1.000000 1.000000
0 6.221311 14.104651 1.000000 1.000000
0 7.342105 18.051724 1.000000 1.000000
0 7.725806 22.460000 1.000000 1.000000
0 4.062500 30.888889 1.000000 1.000000
0 4.976190 38.366667 1.000000 1.000000
0 3.347458 23.018519 1.000000 1.000000
0 1.595238 13.800000 1.000000 1.000000
0 8.020000 10.023810 1.000000 1.000000
0 7.857143 8.083333 1.000000 1.000000
0 9.456522 4.870370 1.000000 1.000000
0 9.352941 10.916667 1.000000 1.000000
0 18.562500 4.653846 1.000000 1.000000
0 7.477778 5.435484 1.000000 1.000000
0 5.077465 9.378788 1.000000 1.000000
0 5.948980 10.954545 1.000000 1.000000
0 8.797872 10.289474 1.000000 1.000000
0 6.580645 9.300000 1.000000 1.000000
0 7.642857 9.860000 1.000000 1.000000
0 11.300000 18.153846 1.000000 1.000000
0 6.357143 25.145161 1.000000 1.000000
0 9.479167 9.318182 1.000000 1.000000
0 14.403226 5.227273 1.000000 1.000000
0 11.285714 7.554054 1.000000 1.000000
0 15.814286 6.448718 1.000000 1.000000
0 6.358696 10.666667 1.000000 1.000000
0 13.653846 11.033333 1.000000 1.000000
0 5.990000 10.365385 1.000000 1.000000
0 18.944444 26.156250 1.000000 1.000000
0 28.100000 13.041667 1.000000 1.000000
0 14.030612 19.600000 1.000000 1.000000
0 11.216418 34.833333 1.000000 1.000000
0 14.000000 21.733333 1.000000 1.000000
0 19.722222 20.281250 1.000000 1.000000
0 22.083333 32.760870 1.000000 1.000000
0 31.333333 1.058824 1.000000 1.000000
0 22.709302 0.928571 1.000000 1.000000
0 36.129630 1.961538 1.000000 1.000000
0 33.000000 2.944444 1.000000 1.000000
0 14.534483 5.891304 1.000000 1.000000
0 19.047619 18.261905 1.000000 1.000000
0 21.289474 20.200000 1.000000 1.000000
0 34.420000 18.978261 1.000000 1.000000
0 30.000000 17.220000 1.000000 1.000000
0 22.647059 29.026316 1.000000 1.000000
0 22.530303 39.857143 1.000000 1.000000
0 18.063636 17.625000 1.000000 1.000000
0 20.010204 30.108696 1.000000 1.000000
0 28.075758 17.690476 1.000000 1.000000
