0 1.050000 1.520000 1.000000 1.000000
0 2.895349 0.852941 1.000000 1.000000
0 5.833333 3.094595 1.000000 1.000000
0 6.136364 4.437500 1.000000 1.000000
0 4.500000 4.439394 1.000000 1.000000
0 7.794118 2.670732 1.000000 1.000000
0 5.922222 1.130137 1.000000 1.000000
0 5.077778 0.730769 1.000000 1.000000
0 11.264706 3.437500 1.000000 1.000000
0 9.785714 2.887097 1.000000 1.000000
0 2.138298 4.157143 1.000000 1.000000
0 1.647059 2.795455 1.000000 1.000000
0 0.734568 3.908451 1.000000 1.000000
0 1.050000 7.904762 1.000000 1.000000
0 2.208333 6.112903 1.000000 1.000000
0 0.531250 3.500000 1.000000 1.000000
0 0.800000 4.360465 1.000000 1.000000
0 2.954545 3.780702 1.000000 1.000000
0 3.744444 4.038462 1.000000 1.000000
0 4.214286 0.521739 1.000000 1.000000
0 2.954545 0.543478 1.000000 1.000000
0 9.712121 0.824324 1.000000 1.000000
0 6.671429 5.413043 1.000000 1.000000
0 8.083333 5.987179 1.000000 1.000000
0 4.166667 4.119048 1.000000 1.000000
0 4.150000 5.364407 1.000000 1.000000
0 0.794872 8.129630 1.000000 1.000000
0 0.855932 7.820000 1.000000 1.000000
0 1.043478 7.976190 1.000000 1.000000
0 2.843750 14.785714 1.000000 1.000000
0 3.395833 11.043478 1.000000 1.000000
0 5.100000 10.615385 1.000000 1.000000
0 4.931818 10.520000 1.000000 1.000000
0 4.188889 7.439394 1.000000 1.000000
0 4.941176 10.695122 1.000000 1.000000
0 0.543478 4.520833 1.000000 1.000000
0 12.444444 5.735294 1.000000 1.000000
0 2.590909 7.803797 1.000000 1.000000
0 4.062500 6.761905 1.000000 1.000000
0 0.677778 12.153846 1.000000 1.000000
0 2.059524 7.521505 1.000000 1.000000
0 2.313559 5.082781 1.000000 1.000000
0 1.185185 10.964286 1.000000 1.000000
0 3.472222 8.807692 1.000000 1.000000
0 2.707792 9.441860 1.000000 1.000000
0 7.185714 9.937500 1.000000 1.000000
0 4.482143 17.500000 1.000000 1.000000
0 1.500000 11.547059 1.000000 1.000000
0 0.518519 14.365672 1.000000 1.000000
0 5.009804 11.136364 1.000000 1.000000
0 3.038462 13.485915 1.000000 1.000000
0 19.437500 4.750000 1.000000 1.000000
0 6.913043 5.151515 1.000000 1.000000
0 11.460000 9.564516 1.000000 1.000000
0 10.500000 5.827586 1.000000 1.000000
0 11.071429 16.630435 1.000000 1.000000
0 15.600000 8.205882 1.000000 1.000000
0 10.196970 10.250000 1.000000 1.000000
0 15.236842 11.148649 1.000000 1.000000
0 12.785714 5.575000 1.000000 1.000000
0 21.071429 12.716216 1.000000 1.000000
0 4.669492 14.038462 1.000000 1.000000
0 5.550847 6.412500 1.000000 1.000000
0 8.742424 14.600000 1.000000 1.000000
0 4.829114 10.303571 1.000000 1.000000
0 17.738095 7.635593 1.000000 1.000000
0 12.982759 14.120690 1.000000 1.000000
0 16.681818 7.533333 1.000000 1.000000
0 5.320896 7.219101 1.000000 1.000000
0 10.966667 11.380000 1.000000 1.000000
0 10.442857 11.032468 1.000000 1.000000
0 18.140000 14.086207 1.000000 1.000000
0 12.242857 9.656863 1.000000 1.000000
0 6.954545 11.670213 1.000000 1.000000
0 11.047619 10.466102 1.000000 1.000000
0 24.750000 18.666667 1.000000 1.000000
0 13.055556 6.947619 1.000000 1.000000
0 13.775862 17.017857 1.000000 1.000000
0 14.863636 19.809524 1.000000 1.000000
0 7.657143 13.785714 1.000000 1.000000
0 9.809524 25.397436 1.000000 1.000000
0 14.705882 10.294521 1.000000 1.000000
0 18.535714 8.565217 1.000000 1.000000
0 19.388889 5.785714 1.000000 1.000000
0 14.106061 19.192308 1.000000 1.000000
0 15.281250 17.891304 1.000000 1.000000
0 23.954545 6.630435 1.000000 1.000000
0 41.038462 13.500000 1.000000 1.000000
0 19.071429 11.071429 1.000000 1.000000
0 26.710526 14.214286 1.000000 1.000000
0 21.673913 17.551282 1.000000 1.000000
0 6.511236 14.500000 1.000000 1.000000
0 11.180851 23.346154 1.000000 1.000000
0 8.529412 17.240741 1.000000 1.000000
0 15.120690 1.676471 1.000000 1.000000
0 16.666667 0.857143 1.000000 1.000000
0 11.047619 1.708333 1.000000 1.000000
0 14.357143 1.886364 1.000000 1.000000
0 10.911765 0.521277 1.000000 1.000000
0 14.243590 1.532258 1.000000 1.000000
0 13.750000 3.363636 1.000000 1.000000
0 18.681818 0.516667 1.000000 1.000000
0 22.203704 3.366667 1.000000 1.000000
0 27.642857 2.845455 1.000000 1.000000
0 23.166667 21.388889 1.000000 1.000000
0 10.946429 11.552632 1.000000 1.000000
0 23.458333 8.329268 1.000000 1.000000
0 25.456522 17.256098 1.000000 1.000000
0 17.266667 37.351852 1.000000 1.000000
0 16.635135 5.838710 1.000000 1.000000
0 17.527027 4.843284 1.000000 1.000000
0 20.672414 2.414286 1.000000 1.000000
0 31.552632 16.066667 1.000000 1.000000
0 21.714286 31.125000 1.000000 1.000000
0 35.558824 18.605263 1.000000 1.000000
0 9.634328 20.013514 1.000000 1.000000
0 34.666667 9.556338 1.000000 1.000000
0 14.914634 28.944444 1.000000 1.000000
0 14.217391 21.947368 1.000000 1.000000
0 23.266667 12.376923 1.000000 1.000000
0 31.195652 4.833333 1.000000 1.000000
0 27.384615 5.236842 1.000000 1.000000
0 14.071429 6.632075 1.000000 1.000000
0 28.583333 14.318182 1.000000 1.000000
0 16.947368 10.263158 1.000000 1.000000
0 38.970588 13.080645 1.000000 1.000000
0 16.337209 8.138889 1.000000 1.000000
0 24.500000 7.563291 1.000000 1.000000
0 24.357143 9.365672 1.000000 1.000000
0 26.820000 13.057692 1.000000 1.000000
0 22.983871 9.623288 1.000000 1.000000
0 22.435484 28.593750 1.000000 1.000000
0 19.878378 10.147059 1.000000 1.000000
0 27.100000 6.911765 1.000000 1.000000
0 19.469697 10.380000 1.000000 1.000000
0 20.416667 4.081633 1.000000 1.000000
0 21.957143 4.797297 1.000000 1.000000
0 25.031250 8.344444 1.000000 1.000000
0 33.413043 6.817460 1.000000 1.000000
0 20.576923 23.300000 1.000000 1.000000
0 43.055556 22.023810 1.000000 1.000000
0 25.093750 25.957143 1.000000 1.000000
0 14.783333 13.954545 1.000000 1.000000
0 20.090909 25.021739 1.000000 1.000000
0 12.083333 13.500000 1.000000 1.000000
0 15.590909 8.950980 1.000000 1.000000
0 11.756757 11.911765 1.000000 1.000000
0 35.100000 5.186567 1.000000 1.000000
0 28.266667 4.234940 1.000000 1.000000
0 15.872549 17.227273 1.000000 1.000000
0 32.833333 18.031915 1.000000 1.000000
0 22.406977 1.207865 1.000000 1.000000
0 33.633333 1.532967 1.000000 1.000000
