0 4.325000 7.214286 1.000000 1.000000
0 3.068182 7.562500 1.000000 1.000000
0 8.342105 4.958333 1.000000 1.000000
0 4.814286 2.294872 1.000000 1.000000
0 3.714286 4.209091 1.000000 1.000000
0 2.283784 2.297468 1.000000 1.000000
0 2.500000 4.854167 1.000000 1.000000
0 8.910256 0.634146 1.000000 1.000000
0 6.605263 0.642857 1.000000 1.000000
0 3.729167 1.796296 1.000000 1.000000
0 3.775000 0.620482 1.000000 1.000000
0 2.645833 1.833333 1.000000 1.000000
0 1.941860 1.920000 1.000000 1.000000
0 1.525000 0.673333 1.000000 1.000000
0 0.740000 1.785714 1.000000 1.000000
