0 2.670213 4.227273 1.000000 1.000000
0 3.822034 3.252809 1.000000 1.000000
0 4.240741 4.520833 1.000000 1.000000
0 3.645833 3.149123 1.000000 1.000000
0 5.740000 4.378049 1.000000 1.000000
0 3.933333 3.384615 1.000000 1.000000
0 2.010204 3.484615 1.000000 1.000000
0 4.895833 4.109756 1.000000 1.000000
0 7.396552 2.429825 1.000000 1.000000
0 6.689189 2.538462 1.000000 1.000000
0 5.884615 2.904255 1.000000 1.000000
0 5.330508 4.662162 1.000000 1.000000
0 12.392857 4.593750 1.000000 1.000000
0 4.890625 5.406977 1.000000 1.000000
0 11.866667 5.386364 1.000000 1.000000
0 8.475610 4.423077 1.000000 1.000000
0 2.592105 4.942857 1.000000 1.000000
0 1.691781 4.819444 1.000000 1.000000
0 1.055556 4.948276 1.000000 1.000000
0 0.815789 5.152174 1.000000 1.000000
