0 3.212821 2.112745 1.000000 1.000000
0 2.396373 0.561758 1.000000 1.000000
0 1.205882 0.504587 1.000000 1.000000
0 2.441176 0.504255 1.000000 1.000000
0 6.830645 2.004505 1.000000 1.000000
0 6.671171 2.724806 1.000000 1.000000
0 4.371429 2.561224 1.000000 1.000000
0 4.691489 4.232919 1.000000 1.000000
0 3.362434 3.277228 1.000000 1.000000
0 3.109589 2.746154 1.000000 1.000000
0 2.536145 5.008621 1.000000 1.000000
0 2.824503 4.673469 1.000000 1.000000
0 4.021429 5.745033 1.000000 1.000000
0 6.842593 4.950549 1.000000 1.000000
0 5.562112 5.722222 1.000000 1.000000
