0 4.859551 4.400709 1.000000 1.000000
0 5.395062 4.575472 1.000000 1.000000
0 5.688312 4.860000 1.000000 1.000000
0 6.908000 6.711268 1.000000 1.000000
0 5.241007 7.304688 1.000000 1.000000
0 4.512500 5.634228 1.000000 1.000000
0 4.519108 4.394737 1.000000 1.000000
0 4.368750 3.919753 1.000000 1.000000
0 4.816901 4.084615 1.000000 1.000000
0 5.273585 4.745283 1.000000 1.000000
0 5.380000 4.292079 1.000000 1.000000
0 5.348684 4.532609 1.000000 1.000000
0 2.513245 5.510526 1.000000 1.000000
0 2.179487 7.202381 1.000000 1.000000
0 2.000000 7.810345 1.000000 1.000000
0 2.074627 9.000000 1.000000 1.000000
0 4.241573 6.325397 1.000000 1.000000
0 4.435484 5.235714 1.000000 1.000000
0 4.742105 4.806569 1.000000 1.000000
0 5.093750 4.515385 1.000000 1.000000
0 2.884615 2.827103 1.000000 1.000000
0 2.888430 2.728261 1.000000 1.000000
0 1.578571 2.724719 1.000000 1.000000
0 0.507092 1.836134 1.000000 1.000000
0 0.561538 4.441606 1.000000 1.000000
0 1.275510 3.941860 1.000000 1.000000
0 1.166667 6.918605 1.000000 1.000000
0 1.265432 8.530928 1.000000 1.000000
0 1.295918 7.943182 1.000000 1.000000
0 1.500000 7.841463 1.000000 1.000000
0 1.629032 7.783784 1.000000 1.000000
0 2.029412 7.843284 1.000000 1.000000
0 4.289916 12.162162 1.000000 1.000000
0 3.880952 8.386957 1.000000 1.000000
