0 1.176617 3.187500 1.000000 1.000000
0 2.237179 2.825503 1.000000 1.000000
0 1.215596 6.480583 1.000000 1.000000
0 1.442308 8.138889 1.000000 1.000000
0 1.897727 8.633333 1.000000 1.000000
0 2.554795 9.220000 1.000000 1.000000
0 3.578947 6.146154 1.000000 1.000000
0 5.256098 7.542553 1.000000 1.000000
0 2.750000 2.802721 1.000000 1.000000
0 2.919540 5.284000 1.000000 1.000000
0 3.425676 7.553333 1.000000 1.000000
0 3.779570 2.948905 1.000000 1.000000
0 3.148889 6.009615 1.000000 1.000000
0 3.343137 6.227273 1.000000 1.000000
0 3.593407 5.170213 1.000000 1.000000
0 3.908072 3.047170 1.000000 1.000000
0 3.640097 5.123529 1.000000 1.000000
0 4.414286 4.856322 1.000000 1.000000
0 4.166667 7.621212 1.000000 1.000000
0 5.300000 5.525316 1.000000 1.000000
0 9.173684 4.665775 1.000000 1.000000
0 0.945946 2.667331 1.000000 1.000000
0 1.014970 6.424051 1.000000 1.000000
0 1.481250 1.618012 1.000000 1.000000
0 4.634328 1.510417 1.000000 1.000000
0 4.750000 2.433962 1.000000 1.000000
0 4.218894 2.937500 1.000000 1.000000
