0 7.700000 2.528302 1.000000 1.000000
0 4.750000 4.254098 1.000000 1.000000
0 1.625000 2.264151 1.000000 1.000000
0 5.458333 4.388889 1.000000 1.000000
0 8.802326 2.558333 1.000000 1.000000
0 18.700000 3.423077 1.000000 1.000000
0 13.152174 3.797297 1.000000 1.000000
0 9.250000 7.233333 1.000000 1.000000
0 14.636364 4.589744 1.000000 1.000000
0 6.761905 2.093750 1.000000 1.000000
0 18.050000 3.763158 1.000000 1.000000
0 9.951613 2.455224 1.000000 1.000000
0 2.269231 2.596154 1.000000 1.000000
0 6.796296 2.021739 1.000000 1.000000
0 4.812500 2.821839 1.000000 1.000000
0 7.303922 4.061404 1.000000 1.000000
0 7.242857 2.031646 1.000000 1.000000
