0 2.087121 2.190299 1.000000 1.000000
0 0.785714 1.453571 1.000000 1.000000
0 1.374419 1.717647 1.000000 1.000000
0 2.681287 1.038462 1.000000 1.000000
0 2.875000 0.504785 1.000000 1.000000
0 2.517241 2.168605 1.000000 1.000000
0 6.975000 6.727273 1.000000 1.000000
0 5.078947 6.694030 1.000000 1.000000
0 8.994382 6.585714 1.000000 1.000000
0 5.272727 8.105042 1.000000 1.000000
0 6.835878 2.742991 1.000000 1.000000
0 15.852941 1.374172 1.000000 1.000000
0 7.921053 2.864407 1.000000 1.000000
0 6.252294 3.207317 1.000000 1.000000
0 0.509259 6.946970 1.000000 1.000000
0 3.798851 5.482249 1.000000 1.000000
0 1.469136 16.016129 1.000000 1.000000
0 6.133333 18.462963 1.000000 1.000000
0 7.632231 4.403226 1.000000 1.000000
0 20.833333 2.326087 1.000000 1.000000
0 1.423077 0.507407 1.000000 1.000000
0 4.492908 0.509615 1.000000 1.000000
0 11.179012 0.994624 1.000000 1.000000
0 9.897436 8.939560 1.000000 1.000000
0 16.855932 12.760870 1.000000 1.000000
0 1.547619 2.696226 1.000000 1.000000
