0 2.313953 2.366013 1.000000 1.000000
0 3.579365 2.660494 1.000000 1.000000
0 1.644860 4.333333 1.000000 1.000000
0 1.057692 2.340708 1.000000 1.000000
0 3.655779 0.623656 1.000000 1.000000
0 4.285124 0.504016 1.000000 1.000000
0 3.319149 0.713043 1.000000 1.000000
0 1.473384 1.784974 1.000000 1.000000
0 7.762626 4.231844 1.000000 1.000000
0 7.286260 7.525641 1.000000 1.000000
0 10.634831 5.810924 1.000000 1.000000
0 11.915584 8.848837 1.000000 1.000000
0 23.910256 8.068807 1.000000 1.000000
0 2.695652 7.536697 1.000000 1.000000
0 1.736842 9.045455 1.000000 1.000000
0 6.735294 14.992063 1.000000 1.000000
0 10.067568 9.346939 1.000000 1.000000
0 18.051020 24.552632 1.000000 1.000000
0 14.180000 7.371287 1.000000 1.000000
0 13.319444 2.084158 1.000000 1.000000
0 2.763830 1.485507 1.000000 1.000000
