0 5.500000 23.142857 1.000000 1.000000
0 2.318182 16.083333 1.000000 1.000000
0 2.250000 20.388889 1.000000 1.000000
0 4.333333 12.396552 1.000000 1.000000
0 5.184211 22.441176 1.000000 1.000000
0 10.500000 10.086207 1.000000 1.000000
0 8.187500 11.380000 1.000000 1.000000
0 6.166667 17.205882 1.000000 1.000000
0 5.727273 18.785714 1.000000 1.000000
0 5.416667 31.500000 1.000000 1.000000
0 1.208333 10.940000 1.000000 1.000000
0 8.900000 22.038462 1.000000 1.000000
0 2.714286 14.730769 1.000000 1.000000
0 6.460000 10.000000 1.000000 1.000000
0 5.846154 9.687500 1.000000 1.000000
0 4.796296 17.026316 1.000000 1.000000
0 4.820000 16.272727 1.000000 1.000000
0 6.227273 12.923077 1.000000 1.000000
0 3.415789 5.669231 1.000000 1.000000
0 3.159794 4.669231 1.000000 1.000000
0 1.100000 4.800000 1.000000 1.000000
0 3.018519 4.833333 1.000000 1.000000
0 5.928571 6.500000 1.000000 1.000000
0 7.062500 6.441176 1.000000 1.000000
0 5.462963 2.080645 1.000000 1.000000
0 1.166667 3.404762 1.000000 1.000000
0 6.552632 5.500000 1.000000 1.000000
0 5.277778 5.250000 1.000000 1.000000
0 6.852941 5.000000 1.000000 1.000000
0 6.875000 7.500000 1.000000 1.000000
0 6.187500 7.750000 1.000000 1.000000
0 2.250000 4.250000 1.000000 1.000000
0 1.107143 1.841463 1.000000 1.000000
0 2.818182 2.235294 1.000000 1.000000
0 5.535714 5.566667 1.000000 1.000000
