0 1.789474 1.523256 1.000000 1.000000
0 1.613636 3.441176 1.000000 1.000000
0 0.550000 3.550000 1.000000 1.000000
0 1.694444 4.397436 1.000000 1.000000
0 3.662162 1.534483 1.000000 1.000000
0 3.172131 3.175676 1.000000 1.000000
0 3.942308 1.401961 1.000000 1.000000
0 3.923729 2.919355 1.000000 1.000000
0 3.011111 4.218750 1.000000 1.000000
0 1.823529 4.772727 1.000000 1.000000
0 2.091837 6.590909 1.000000 1.000000
0 3.695652 4.300000 1.000000 1.000000
0 3.250000 5.555556 1.000000 1.000000
0 0.932432 1.045455 1.000000 1.000000
0 8.564516 3.480392 1.000000 1.000000
0 5.409091 4.477778 1.000000 1.000000
0 8.209677 4.192308 1.000000 1.000000
0 6.670732 7.529412 1.000000 1.000000
0 6.931818 6.174419 1.000000 1.000000
0 8.475610 8.075758 1.000000 1.000000
0 6.826531 7.022727 1.000000 1.000000
0 7.554054 7.383721 1.000000 1.000000
0 6.779070 9.151163 1.000000 1.000000
0 8.177419 7.969388 1.000000 1.000000
0 6.651515 7.642857 1.000000 1.000000
0 3.719178 11.800000 1.000000 1.000000
0 3.250000 13.769231 1.000000 1.000000
0 3.274194 9.034884 1.000000 1.000000
0 2.418919 9.472973 1.000000 1.000000
0 2.347826 11.642857 1.000000 1.000000
0 2.935897 4.325397 1.000000 1.000000
0 2.441176 4.587719 1.000000 1.000000
0 3.880952 7.824324 1.000000 1.000000
0 6.187500 4.696078 1.000000 1.000000
0 5.158537 7.555556 1.000000 1.000000
0 6.250000 7.320513 1.000000 1.000000
