0 2.155963 1.688586 1.000000 1.000000
0 3.128440 1.719839 1.000000 1.000000
0 3.894850 1.692308 1.000000 1.000000
0 1.943548 0.676136 1.000000 1.000000
0 3.152174 0.537940 1.000000 1.000000
0 4.123810 0.555000 1.000000 1.000000
0 13.337838 1.997268 1.000000 1.000000
0 0.505848 1.562284 1.000000 1.000000
0 0.508197 2.085859 1.000000 1.000000
0 1.392308 1.997283 1.000000 1.000000
0 1.955814 4.218894 1.000000 1.000000
0 5.920690 4.240741 1.000000 1.000000
0 4.828859 4.567708 1.000000 1.000000
0 0.832061 0.503322 1.000000 1.000000
