0 2.681416 2.715569 1.000000 1.000000
0 3.723684 2.759494 1.000000 1.000000
0 3.548889 2.445736 1.000000 1.000000
0 3.656627 5.094828 1.000000 1.000000
0 2.740506 4.171141 1.000000 1.000000
0 3.570968 0.909836 1.000000 1.000000
0 2.376238 2.049708 1.000000 1.000000
0 1.669811 1.454545 1.000000 1.000000
0 1.827778 0.558824 1.000000 1.000000
0 3.887387 1.309091 1.000000 1.000000
0 5.365169 0.511494 1.000000 1.000000
0 2.909524 5.097015 1.000000 1.000000
0 1.825714 4.137795 1.000000 1.000000
0 1.878571 8.436170 1.000000 1.000000
0 2.807143 10.006173 1.000000 1.000000
0 4.179612 10.993827 1.000000 1.000000
0 1.724806 11.973684 1.000000 1.000000
0 7.730769 12.027027 1.000000 1.000000
0 1.942953 2.959259 1.000000 1.000000
0 3.905063 10.877778 1.000000 1.000000
0 1.347826 12.973684 1.000000 1.000000
0 6.081395 16.775862 1.000000 1.000000
0 7.239726 14.234375 1.000000 1.000000
0 3.575342 4.284431 1.000000 1.000000
