0 3.447368 3.570175 1.000000 1.000000
0 1.392116 3.921053 1.000000 1.000000
0 1.926966 0.708122 1.000000 1.000000
0 1.004950 0.511905 1.000000 1.000000
0 3.523529 3.742268 1.000000 1.000000
0 2.045455 3.359459 1.000000 1.000000
0 11.250000 4.357143 1.000000 1.000000
0 6.770270 3.982759 1.000000 1.000000
0 5.964789 5.983607 1.000000 1.000000
0 3.346774 4.863636 1.000000 1.000000
0 2.500000 1.036000 1.000000 1.000000
0 2.332000 0.506757 1.000000 1.000000
0 5.194805 0.980620 1.000000 1.000000
0 9.843434 3.629808 1.000000 1.000000
0 5.145161 2.761411 1.000000 1.000000
