0 2.315315 1.832344 1.000000 1.000000
0 1.118557 2.110526 1.000000 1.000000
0 2.250000 1.160156 1.000000 1.000000
0 6.876147 1.181818 1.000000 1.000000
0 5.016484 1.174603 1.000000 1.000000
0 6.554545 0.505848 1.000000 1.000000
0 5.384956 0.507092 1.000000 1.000000
0 3.905660 0.508696 1.000000 1.000000
0 2.208738 0.506289 1.000000 1.000000
0 0.514354 2.148501 1.000000 1.000000
0 2.268595 3.077075 1.000000 1.000000
0 3.651786 2.988281 1.000000 1.000000
0 2.980000 11.837349 1.000000 1.000000
0 3.529046 5.088235 1.000000 1.000000
0 1.956522 15.015152 1.000000 1.000000
0 7.236000 15.015152 1.000000 1.000000
0 5.039062 1.384615 1.000000 1.000000
0 2.414634 5.809859 1.000000 1.000000
0 0.507194 0.891837 1.000000 1.000000
0 0.909836 5.046512 1.000000 1.000000
