0 2.631148 1.746914 1.000000 1.000000
0 1.433333 2.573684 1.000000 1.000000
0 3.195652 1.106838 1.000000 1.000000
0 3.151786 2.118182 1.000000 1.000000
0 7.646341 1.750000 1.000000 1.000000
0 5.673913 0.755319 1.000000 1.000000
0 2.702899 1.177686 1.000000 1.000000
0 2.294118 3.086207 1.000000 1.000000
0 0.500000 2.240741 1.000000 1.000000
0 1.833333 1.214286 1.000000 1.000000
0 3.452381 3.739130 1.000000 1.000000
0 3.409091 3.962366 1.000000 1.000000
0 13.017241 0.924242 1.000000 1.000000
0 4.357143 1.870370 1.000000 1.000000
0 4.950980 1.954545 1.000000 1.000000
