0 3.531746 4.857143 1.000000 1.000000
0 13.500000 6.416667 1.000000 1.000000
0 3.633333 10.972222 1.000000 1.000000
0 3.333333 9.052632 1.000000 1.000000
0 4.687500 13.018519 1.000000 1.000000
0 7.326087 8.586957 1.000000 1.000000
0 5.928571 5.500000 1.000000 1.000000
0 8.264706 8.661290 1.000000 1.000000
0 6.193548 5.081395 1.000000 1.000000
0 14.847826 6.131579 1.000000 1.000000
0 12.900000 2.948980 1.000000 1.000000
0 9.785714 4.269231 1.000000 1.000000
0 15.815789 6.283784 1.000000 1.000000
0 5.150000 8.323529 1.000000 1.000000
0 4.431034 5.948980 1.000000 1.000000
0 5.125000 8.210526 1.000000 1.000000
0 6.500000 9.263158 1.000000 1.000000
0 3.833333 7.884615 1.000000 1.000000
0 8.214286 2.442029 1.000000 1.000000
0 15.700000 2.380597 1.000000 1.000000
0 3.921053 8.012195 1.000000 1.000000
0 6.130435 6.754545 1.000000 1.000000
0 9.119048 8.157143 1.000000 1.000000
0 5.857143 7.581081 1.000000 1.000000
0 3.576923 6.851351 1.000000 1.000000
0 3.750000 3.833333 1.000000 1.000000
0 3.966667 2.500000 1.000000 1.000000
0 0.704082 2.731707 1.000000 1.000000
0 0.500000 4.297297 1.000000 1.000000
0 2.108696 7.423077 1.000000 1.000000
0 2.645161 5.265625 1.000000 1.000000
0 5.948276 7.409091 1.000000 1.000000
