0 2.606383 1.605263 1.000000 1.000000
0 3.700000 2.894737 1.000000 1.000000
0 4.675439 2.381188 1.000000 1.000000
0 5.870968 2.215686 1.000000 1.000000
0 3.813953 1.150000 1.000000 1.000000
0 2.780899 2.531250 1.000000 1.000000
0 4.040984 1.631579 1.000000 1.000000
0 4.294521 3.500000 1.000000 1.000000
0 5.645455 5.839623 1.000000 1.000000
0 4.286885 5.713115 1.000000 1.000000
0 2.875000 4.418919 1.000000 1.000000
0 2.112245 2.965116 1.000000 1.000000
0 1.229167 2.490385 1.000000 1.000000
0 0.688679 3.030303 1.000000 1.000000
0 1.744444 2.738806 1.000000 1.000000
0 0.549383 1.204762 1.000000 1.000000
0 1.448276 0.578652 1.000000 1.000000
0 5.146154 4.876623 1.000000 1.000000
0 7.203704 3.648148 1.000000 1.000000
