0 3.407563 1.163755 1.000000 1.000000
0 2.623077 1.508584 1.000000 1.000000
0 3.755814 0.660494 1.000000 1.000000
0 7.372340 2.726131 1.000000 1.000000
0 4.346154 5.453488 1.000000 1.000000
0 9.206667 8.563158 1.000000 1.000000
0 9.561538 6.587302 1.000000 1.000000
0 5.253086 6.126866 1.000000 1.000000
0 13.333333 5.632231 1.000000 1.000000
0 21.314815 10.253623 1.000000 1.000000
0 26.282609 12.570175 1.000000 1.000000
0 6.837349 4.468000 1.000000 1.000000
0 5.756098 3.369565 1.000000 1.000000
0 2.887755 1.275862 1.000000 1.000000
0 4.285714 2.788462 1.000000 1.000000
0 3.406542 3.094771 1.000000 1.000000
0 17.051020 5.732558 1.000000 1.000000
0 8.260000 8.333333 1.000000 1.000000
