0 1.296537 1.017241 1.000000 1.000000
0 3.932900 1.479058 1.000000 1.000000
0 0.654519 1.113833 1.000000 1.000000
0 0.504274 0.504566 1.000000 1.000000
0 2.685065 0.505650 1.000000 1.000000
0 7.800000 17.585106 1.000000 1.000000
0 8.617647 14.785714 1.000000 1.000000
0 5.561224 19.053191 1.000000 1.000000
0 9.727848 11.145570 1.000000 1.000000
0 9.545455 15.176923 1.000000 1.000000
0 6.940860 13.376712 1.000000 1.000000
0 11.790323 19.020000 1.000000 1.000000
0 16.669811 18.541667 1.000000 1.000000
