0 3.289720 0.633333 1.000000 1.000000
0 1.903922 0.821229 1.000000 1.000000
0 1.090517 0.971761 1.000000 1.000000
0 0.671674 2.250000 1.000000 1.000000
0 1.197581 1.988372 1.000000 1.000000
0 1.838710 1.675439 1.000000 1.000000
0 3.066667 1.584071 1.000000 1.000000
0 5.706061 3.117117 1.000000 1.000000
0 10.878049 3.391566 1.000000 1.000000
0 4.852632 1.228522 1.000000 1.000000
0 4.861257 0.904624 1.000000 1.000000
0 3.856223 4.674359 1.000000 1.000000
0 0.855263 6.711268 1.000000 1.000000
0 0.638996 5.296178 1.000000 1.000000
