0 5.028846 6.246988 1.000000 1.000000
0 3.467480 4.323944 1.000000 1.000000
0 1.477143 4.950331 1.000000 1.000000
0 1.460894 2.895973 1.000000 1.000000
0 2.722689 1.726277 1.000000 1.000000
0 5.293750 3.184783 1.000000 1.000000
0 4.481366 0.643519 1.000000 1.000000
0 3.248031 0.505405 1.000000 1.000000
0 1.267296 0.585714 1.000000 1.000000
0 0.994253 1.806569 1.000000 1.000000
0 0.509009 2.601124 1.000000 1.000000
0 0.783843 2.751256 1.000000 1.000000
0 2.859788 5.329268 1.000000 1.000000
0 4.810345 5.308219 1.000000 1.000000
0 2.927230 4.187023 1.000000 1.000000
0 3.072581 1.681818 1.000000 1.000000
0 3.876068 0.860000 1.000000 1.000000
0 2.116034 1.569565 1.000000 1.000000
