0 3.474359 1.727848 1.000000 1.000000
0 1.605263 1.857143 1.000000 1.000000
0 3.398551 3.223404 1.000000 1.000000
0 5.245455 4.782051 1.000000 1.000000
0 9.088235 3.877049 1.000000 1.000000
0 13.464286 2.380952 1.000000 1.000000
0 14.717391 3.586420 1.000000 1.000000
0 8.750000 1.782609 1.000000 1.000000
0 7.730769 1.802326 1.000000 1.000000
0 5.433333 0.639535 1.000000 1.000000
0 3.900000 2.277778 1.000000 1.000000
0 5.427273 1.021739 1.000000 1.000000
0 10.662162 1.162651 1.000000 1.000000
0 6.386792 0.976923 1.000000 1.000000
