0 1.639785 1.484000 1.000000 1.000000
0 4.522222 1.647727 1.000000 1.000000
0 1.739583 3.500000 1.000000 1.000000
0 2.909091 2.387640 1.000000 1.000000
0 7.023810 1.275281 1.000000 1.000000
0 4.757143 1.373684 1.000000 1.000000
0 3.914894 2.965753 1.000000 1.000000
0 6.847826 2.836364 1.000000 1.000000
0 4.467742 2.783019 1.000000 1.000000
0 3.214286 2.891667 1.000000 1.000000
0 3.100000 4.060440 1.000000 1.000000
0 2.031915 0.800000 1.000000 1.000000
0 0.524390 3.240000 1.000000 1.000000
0 0.575000 3.663636 1.000000 1.000000
0 0.812500 4.060440 1.000000 1.000000
0 2.333333 2.679775 1.000000 1.000000
0 1.872093 2.038462 1.000000 1.000000
0 3.966667 1.565789 1.000000 1.000000
0 5.391304 2.516949 1.000000 1.000000
