0 1.693676 1.920091 1.000000 1.000000
0 5.900000 0.892857 1.000000 1.000000
0 11.005618 3.322430 1.000000 1.000000
0 3.136771 2.599174 1.000000 1.000000
0 1.190722 2.429167 1.000000 1.000000
0 0.723744 5.530488 1.000000 1.000000
0 1.036000 0.505128 1.000000 1.000000
0 3.341121 0.504717 1.000000 1.000000
0 2.437500 0.507692 1.000000 1.000000
0 2.503436 1.468127 1.000000 1.000000
0 4.522727 3.295455 1.000000 1.000000
0 3.414530 1.659664 1.000000 1.000000
0 9.155914 3.768041 1.000000 1.000000
0 6.983333 10.207692 1.000000 1.000000
0 2.824675 7.011811 1.000000 1.000000
0 2.030387 4.760417 1.000000 1.000000
