0 4.769231 1.214286 1.000000 1.000000
0 4.850000 3.160714 1.000000 1.000000
0 6.988372 0.509174 1.000000 1.000000
0 3.682796 1.281609 1.000000 1.000000
0 4.538462 0.529851 1.000000 1.000000
0 6.705128 3.339080 1.000000 1.000000
0 3.878049 2.577519 1.000000 1.000000
0 4.158824 5.314815 1.000000 1.000000
0 4.559701 3.375000 1.000000 1.000000
0 5.316327 3.311321 1.000000 1.000000
0 3.436508 2.526316 1.000000 1.000000
0 5.328571 2.797297 1.000000 1.000000
0 4.045455 1.696078 1.000000 1.000000
0 1.771605 1.645455 1.000000 1.000000
0 2.500000 3.895349 1.000000 1.000000
0 2.740000 3.578431 1.000000 1.000000
0 1.415663 3.347059 1.000000 1.000000
