0 3.833333 1.852941 1.000000 1.000000
0 6.797872 4.192308 1.000000 1.000000
0 2.172414 7.015625 1.000000 1.000000
0 4.059322 4.471831 1.000000 1.000000
0 0.875000 7.742105 1.000000 1.000000
0 1.858696 6.516667 1.000000 1.000000
0 4.508621 4.807018 1.000000 1.000000
0 6.844262 5.730769 1.000000 1.000000
0 7.074468 5.467742 1.000000 1.000000
0 11.460000 6.388112 1.000000 1.000000
0 6.703883 14.937500 1.000000 1.000000
0 7.785714 9.924242 1.000000 1.000000
0 10.015152 9.844262 1.000000 1.000000
0 17.320513 3.651786 1.000000 1.000000
0 5.687500 12.776316 1.000000 1.000000
0 9.740506 15.451220 1.000000 1.000000
0 8.792135 14.789474 1.000000 1.000000
0 10.958333 7.840000 1.000000 1.000000
0 11.329787 1.798851 1.000000 1.000000
0 8.000000 2.919753 1.000000 1.000000
0 4.554945 4.640625 1.000000 1.000000
0 4.870968 4.690476 1.000000 1.000000
0 5.273810 4.086957 1.000000 1.000000
0 6.934783 9.346154 1.000000 1.000000
0 4.144068 8.295699 1.000000 1.000000
0 10.310345 4.460396 1.000000 1.000000
0 13.546512 1.228261 1.000000 1.000000
0 7.854839 7.520000 1.000000 1.000000
0 0.869231 16.906250 1.000000 1.000000
0 6.730769 6.513889 1.000000 1.000000
0 8.388889 12.676471 1.000000 1.000000
0 6.097015 6.811828 1.000000 1.000000
