0 5.153846 6.350467 1.000000 1.000000
0 6.500000 5.660494 1.000000 1.000000
0 1.404762 7.956522 1.000000 1.000000
0 1.750000 10.343137 1.000000 1.000000
0 7.280000 10.116667 1.000000 1.000000
0 7.211111 8.047619 1.000000 1.000000
0 6.074468 12.011628 1.000000 1.000000
0 6.888889 13.602564 1.000000 1.000000
0 6.089286 10.796296 1.000000 1.000000
0 14.010638 9.555556 1.000000 1.000000
0 10.605263 1.717391 1.000000 1.000000
0 17.580000 7.233333 1.000000 1.000000
0 20.557143 10.100000 1.000000 1.000000
0 9.500000 10.586207 1.000000 1.000000
0 15.207317 6.750000 1.000000 1.000000
0 4.235294 8.088235 1.000000 1.000000
0 4.463636 8.190476 1.000000 1.000000
0 25.250000 5.611111 1.000000 1.000000
0 9.264706 5.383721 1.000000 1.000000
0 9.600000 4.285714 1.000000 1.000000
0 8.188889 6.750000 1.000000 1.000000
0 8.569767 9.884615 1.000000 1.000000
0 7.042857 3.394737 1.000000 1.000000
0 3.840426 9.133333 1.000000 1.000000
0 5.166667 7.312500 1.000000 1.000000
0 4.375000 9.952381 1.000000 1.000000
0 3.083333 7.341270 1.000000 1.000000
0 14.843750 9.141026 1.000000 1.000000
0 29.080645 14.220930 1.000000 1.000000
0 21.794118 11.788889 1.000000 1.000000
0 19.833333 6.255556 1.000000 1.000000
0 16.197674 10.725806 1.000000 1.000000
0 23.987805 9.159091 1.000000 1.000000
0 36.000000 12.274194 1.000000 1.000000
0 33.961538 13.915094 1.000000 1.000000
0 25.230769 17.182927 1.000000 1.000000
0 33.026316 14.655556 1.000000 1.000000
0 20.944444 18.122222 1.000000 1.000000
0 32.590909 16.918605 1.000000 1.000000
0 29.230769 14.877778 1.000000 1.000000
0 31.891304 24.538462 1.000000 1.000000
