0 1.731169 2.480100 1.000000 1.000000
0 2.504098 1.106061 1.000000 1.000000
0 1.161765 1.616667 1.000000 1.000000
0 0.702658 8.605263 1.000000 1.000000
0 0.502564 2.653595 1.000000 1.000000
0 2.230435 2.720126 1.000000 1.000000
0 4.399522 7.711538 1.000000 1.000000
0 9.500000 5.035135 1.000000 1.000000
0 4.211111 5.981013 1.000000 1.000000
0 2.557377 7.893443 1.000000 1.000000
0 8.862069 2.024691 1.000000 1.000000
0 0.786738 2.323077 1.000000 1.000000
0 5.624224 1.500000 1.000000 1.000000
0 0.502551 0.504566 1.000000 1.000000
0 0.819298 1.925287 1.000000 1.000000
0 1.218750 6.591603 1.000000 1.000000
0 8.788660 6.762411 1.000000 1.000000
0 7.925287 18.122642 1.000000 1.000000
