0 4.395833 10.716216 1.000000 1.000000
0 3.425926 3.160377 1.000000 1.000000
0 6.109756 5.166667 1.000000 1.000000
0 6.156250 1.388889 1.000000 1.000000
0 2.296610 3.294118 1.000000 1.000000
0 6.318182 8.329787 1.000000 1.000000
0 10.086207 5.944444 1.000000 1.000000
0 1.451613 5.129630 1.000000 1.000000
0 0.824675 4.050000 1.000000 1.000000
0 4.785714 5.807692 1.000000 1.000000
0 6.772727 11.733333 1.000000 1.000000
0 8.045455 19.555556 1.000000 1.000000
0 7.671429 10.370968 1.000000 1.000000
0 7.566667 12.153846 1.000000 1.000000
0 2.760870 3.785714 1.000000 1.000000
0 12.973684 8.759259 1.000000 1.000000
0 6.544444 5.798246 1.000000 1.000000
0 1.114286 3.869231 1.000000 1.000000
0 0.878788 3.205357 1.000000 1.000000
