0 4.354167 1.037313 1.000000 1.000000
0 8.020000 1.797030 1.000000 1.000000
0 9.456522 1.814286 1.000000 1.000000
0 8.327586 2.032710 1.000000 1.000000
0 8.439394 2.070175 1.000000 1.000000
0 11.660000 1.519608 1.000000 1.000000
0 8.179487 0.851852 1.000000 1.000000
0 9.142857 1.626984 1.000000 1.000000
0 10.741935 2.872881 1.000000 1.000000
0 11.862069 2.869863 1.000000 1.000000
0 12.438776 2.685185 1.000000 1.000000
0 11.909836 4.622807 1.000000 1.000000
0 8.837838 2.703390 1.000000 1.000000
0 10.250000 3.039130 1.000000 1.000000
0 14.518868 6.854167 1.000000 1.000000
0 15.500000 6.219298 1.000000 1.000000
0 14.860000 1.930000 1.000000 1.000000
0 11.705882 1.970588 1.000000 1.000000
0 14.938596 2.942308 1.000000 1.000000
0 16.539216 4.031250 1.000000 1.000000
0 23.229730 5.981481 1.000000 1.000000
0 23.038462 5.571429 1.000000 1.000000
0 17.375000 5.550000 1.000000 1.000000
0 11.312500 4.352632 1.000000 1.000000
0 15.122951 1.646667 1.000000 1.000000
0 15.879310 0.515385 1.000000 1.000000
0 10.608108 0.517241 1.000000 1.000000
0 11.872881 0.509524 1.000000 1.000000
0 7.375000 0.514706 1.000000 1.000000
0 7.935484 1.209302 1.000000 1.000000
0 19.088235 5.318182 1.000000 1.000000
0 18.028302 7.696429 1.000000 1.000000
0 13.852941 5.781250 1.000000 1.000000
0 17.239130 5.282609 1.000000 1.000000
0 33.351852 14.983871 1.000000 1.000000
0 9.008772 4.691176 1.000000 1.000000
0 7.023077 4.031250 1.000000 1.000000
0 7.279412 4.084906 1.000000 1.000000
0 15.557143 8.895349 1.000000 1.000000
0 9.023077 4.668675 1.000000 1.000000
0 15.625000 10.500000 1.000000 1.000000
0 14.986486 7.140625 1.000000 1.000000
0 13.380000 6.273333 1.000000 1.000000
0 14.214286 7.967742 1.000000 1.000000
0 14.989796 8.956140 1.000000 1.000000
0 28.607143 12.300000 1.000000 1.000000
0 30.603448 16.397436 1.000000 1.000000
0 21.863636 13.520833 1.000000 1.000000
0 8.811475 5.193069 1.000000 1.000000
0 10.051020 5.550505 1.000000 1.000000
0 13.700000 7.697531 1.000000 1.000000
0 10.336364 6.218447 1.000000 1.000000
0 12.197674 9.757576 1.000000 1.000000
0 14.988372 6.709302 1.000000 1.000000
0 9.934783 5.351852 1.000000 1.000000
0 13.250000 5.924528 1.000000 1.000000
0 22.414286 9.801587 1.000000 1.000000
0 13.833333 5.491525 1.000000 1.000000
0 14.166667 5.900000 1.000000 1.000000
0 26.185714 18.571429 1.000000 1.000000
0 15.253846 10.541096 1.000000 1.000000
0 16.432203 11.616667 1.000000 1.000000
0 16.000000 12.048387 1.000000 1.000000
0 19.012821 13.464286 1.000000 1.000000
0 8.628205 9.662500 1.000000 1.000000
0 8.097403 9.886667 1.000000 1.000000
0 9.352459 11.626984 1.000000 1.000000
0 18.136364 12.000000 1.000000 1.000000
0 13.629630 11.130137 1.000000 1.000000
0 14.603448 16.203704 1.000000 1.000000
0 25.100000 12.823529 1.000000 1.000000
0 23.525000 16.407407 1.000000 1.000000
0 13.688679 9.468421 1.000000 1.000000
0 14.653846 13.119718 1.000000 1.000000
0 21.500000 20.190476 1.000000 1.000000
0 9.865079 6.603704 1.000000 1.000000
0 6.909836 9.107143 1.000000 1.000000
0 4.992958 6.829114 1.000000 1.000000
0 4.171429 11.635593 1.000000 1.000000
0 2.679775 8.387500 1.000000 1.000000
0 2.179012 7.567416 1.000000 1.000000
0 2.706897 6.459677 1.000000 1.000000
0 3.201493 7.677570 1.000000 1.000000
0 6.459184 7.500000 1.000000 1.000000
0 5.574627 6.500000 1.000000 1.000000
0 12.109756 11.871429 1.000000 1.000000
0 14.450000 11.302632 1.000000 1.000000
0 3.323529 23.093750 1.000000 1.000000
0 7.889831 11.647541 1.000000 1.000000
0 6.928571 9.286885 1.000000 1.000000
0 10.900000 14.095745 1.000000 1.000000
0 15.347458 15.532258 1.000000 1.000000
0 20.353659 16.188525 1.000000 1.000000
0 31.406250 22.809524 1.000000 1.000000
0 7.034247 17.100000 1.000000 1.000000
0 6.429577 14.125000 1.000000 1.000000
0 9.809091 16.483333 1.000000 1.000000
0 8.437500 13.527397 1.000000 1.000000
0 5.623077 8.421053 1.000000 1.000000
