0 9.861111 5.694444 1.000000 1.000000
0 8.382353 5.642857 1.000000 1.000000
0 18.428571 5.229730 1.000000 1.000000
0 5.657895 4.414894 1.000000 1.000000
0 5.708333 5.928571 1.000000 1.000000
0 6.017241 7.672414 1.000000 1.000000
0 9.357143 4.275000 1.000000 1.000000
0 8.653846 7.576923 1.000000 1.000000
0 0.689189 0.747706 1.000000 1.000000
0 2.457447 1.743243 1.000000 1.000000
0 7.153846 1.660714 1.000000 1.000000
0 5.171233 0.509524 1.000000 1.000000
0 3.746575 0.511494 1.000000 1.000000
0 1.105505 0.510101 1.000000 1.000000
0 2.966667 4.753731 1.000000 1.000000
0 0.500000 2.679245 1.000000 1.000000
0 2.110687 1.260563 1.000000 1.000000
0 5.653846 1.954545 1.000000 1.000000
0 5.729508 2.550000 1.000000 1.000000
0 6.855556 2.474138 1.000000 1.000000
0 3.156250 3.705128 1.000000 1.000000
0 1.959770 2.500000 1.000000 1.000000
0 3.305556 2.454955 1.000000 1.000000
