0 3.769565 1.970874 1.000000 1.000000
0 1.483607 8.484127 1.000000 1.000000
0 1.085938 3.780220 1.000000 1.000000
0 8.482456 0.989796 1.000000 1.000000
0 9.887097 3.136364 1.000000 1.000000
0 4.009804 2.971154 1.000000 1.000000
0 1.707273 4.416667 1.000000 1.000000
0 2.105714 17.684211 1.000000 1.000000
0 1.216049 7.004348 1.000000 1.000000
0 1.276119 5.814685 1.000000 1.000000
0 1.432432 12.292208 1.000000 1.000000
0 6.009804 2.474490 1.000000 1.000000
0 2.884030 5.541322 1.000000 1.000000
0 8.982759 11.300000 1.000000 1.000000
0 5.852113 8.849515 1.000000 1.000000
0 1.500000 4.921053 1.000000 1.000000
0 1.765537 3.104651 1.000000 1.000000
0 5.393617 6.062500 1.000000 1.000000
