0 2.028796 1.693694 1.000000 1.000000
0 1.132258 1.216157 1.000000 1.000000
0 2.960432 2.357143 1.000000 1.000000
0 4.818436 3.125000 1.000000 1.000000
0 6.012397 2.598039 1.000000 1.000000
0 3.154054 4.275362 1.000000 1.000000
0 4.351485 3.511561 1.000000 1.000000
0 4.190265 4.183673 1.000000 1.000000
0 6.581967 9.947368 1.000000 1.000000
0 9.611111 4.310056 1.000000 1.000000
0 4.337321 5.766055 1.000000 1.000000
0 10.263441 7.326923 1.000000 1.000000
0 5.741667 1.437500 1.000000 1.000000
0 5.546296 0.632701 1.000000 1.000000
0 2.426471 9.298077 1.000000 1.000000
0 5.563636 10.282609 1.000000 1.000000
0 0.700000 2.839806 1.000000 1.000000
