0 6.533333 2.071429 1.000000 1.000000
0 5.325000 3.850877 1.000000 1.000000
0 2.580000 8.706897 1.000000 1.000000
0 5.280000 2.741935 1.000000 1.000000
0 3.606061 1.743902 1.000000 1.000000
0 7.287879 2.009434 1.000000 1.000000
0 4.052632 3.973684 1.000000 1.000000
0 5.919355 2.201754 1.000000 1.000000
0 10.157895 2.521978 1.000000 1.000000
0 6.229167 4.237500 1.000000 1.000000
0 3.122951 7.639535 1.000000 1.000000
0 5.722222 4.560976 1.000000 1.000000
0 0.500000 2.946154 1.000000 1.000000
0 0.895349 9.464286 1.000000 1.000000
0 1.122951 4.614286 1.000000 1.000000
0 2.500000 4.479592 1.000000 1.000000
0 2.103774 3.578947 1.000000 1.000000
0 2.094595 1.758621 1.000000 1.000000
0 0.546875 3.364865 1.000000 1.000000
0 8.500000 1.548780 1.000000 1.000000
0 8.157143 0.627660 1.000000 1.000000
0 7.522727 3.302632 1.000000 1.000000
0 4.058824 6.077778 1.000000 1.000000
