0 2.156566 5.722222 1.000000 1.000000
0 2.112500 3.034091 1.000000 1.000000
0 2.620690 2.915094 1.000000 1.000000
0 2.631868 5.571429 1.000000 1.000000
0 1.110526 5.764151 1.000000 1.000000
0 1.227273 2.971264 1.000000 1.000000
0 2.602362 1.950980 1.000000 1.000000
0 3.212963 2.444444 1.000000 1.000000
0 2.961538 0.889831 1.000000 1.000000
0 0.825000 2.915094 1.000000 1.000000
0 2.016393 7.581633 1.000000 1.000000
0 4.176056 5.841463 1.000000 1.000000
0 1.900000 1.273585 1.000000 1.000000
0 0.826531 2.272727 1.000000 1.000000
