0 4.086420 0.723650 1.000000 1.000000
0 2.538043 0.710243 1.000000 1.000000
0 2.181159 1.203008 1.000000 1.000000
0 2.130952 3.169118 1.000000 1.000000
0 0.905172 6.431818 1.000000 1.000000
0 2.127907 2.579681 1.000000 1.000000
0 2.302817 1.752525 1.000000 1.000000
0 2.659341 1.618040 1.000000 1.000000
0 3.911043 1.903226 1.000000 1.000000
0 1.969325 3.802521 1.000000 1.000000
0 4.399522 3.140288 1.000000 1.000000
0 8.642857 0.502538 1.000000 1.000000
0 3.063063 0.505263 1.000000 1.000000
0 0.504184 5.419075 1.000000 1.000000
0 1.203704 2.526786 1.000000 1.000000
