0 0.622449 2.407895 1.000000 1.000000
0 5.229167 3.373418 1.000000 1.000000
0 8.180851 4.014706 1.000000 1.000000
0 12.944444 5.060000 1.000000 1.000000
0 3.725000 3.047619 1.000000 1.000000
0 0.954545 4.000000 1.000000 1.000000
0 1.500000 6.281818 1.000000 1.000000
0 3.055556 4.234375 1.000000 1.000000
0 2.231707 2.414286 1.000000 1.000000
0 1.809859 0.644928 1.000000 1.000000
0 2.634146 0.524390 1.000000 1.000000
0 5.531250 1.112245 1.000000 1.000000
0 4.953333 1.217742 1.000000 1.000000
0 3.458904 1.567416 1.000000 1.000000
0 7.972222 2.232394 1.000000 1.000000
0 7.977273 4.258621 1.000000 1.000000
0 3.370130 4.539474 1.000000 1.000000
0 1.668831 3.640000 1.000000 1.000000
0 3.062500 5.688679 1.000000 1.000000
0 3.544444 5.709302 1.000000 1.000000
0 4.886364 5.686047 1.000000 1.000000
0 4.842105 2.942478 1.000000 1.000000
