0 4.336066 2.181034 1.000000 1.000000
0 0.620879 3.067568 1.000000 1.000000
0 2.695652 2.650943 1.000000 1.000000
0 1.655172 1.975610 1.000000 1.000000
0 2.133333 2.161017 1.000000 1.000000
0 3.783019 5.681818 1.000000 1.000000
0 3.567568 4.743243 1.000000 1.000000
0 11.807692 1.561856 1.000000 1.000000
0 3.994505 3.303030 1.000000 1.000000
0 3.909836 9.075000 1.000000 1.000000
0 4.500000 9.243590 1.000000 1.000000
0 7.821429 10.500000 1.000000 1.000000
0 6.928571 0.974359 1.000000 1.000000
0 3.166667 0.700000 1.000000 1.000000
0 6.200000 5.239130 1.000000 1.000000
0 7.678571 1.928571 1.000000 1.000000
0 4.545455 2.500000 1.000000 1.000000
0 4.414286 4.225806 1.000000 1.000000
