0 1.027273 1.840426 1.000000 1.000000
0 2.603448 2.244186 1.000000 1.000000
0 8.045455 1.430000 1.000000 1.000000
0 5.140625 3.029412 1.000000 1.000000
0 7.633333 4.607143 1.000000 1.000000
0 6.760870 5.630435 1.000000 1.000000
0 10.214286 4.311321 1.000000 1.000000
0 3.900000 8.026316 1.000000 1.000000
0 5.678571 5.224138 1.000000 1.000000
0 14.954545 5.294118 1.000000 1.000000
0 4.693548 9.404762 1.000000 1.000000
0 5.543478 4.675439 1.000000 1.000000
0 2.239130 2.206422 1.000000 1.000000
0 3.973684 4.760000 1.000000 1.000000
0 3.517241 3.934783 1.000000 1.000000
0 7.966667 3.685185 1.000000 1.000000
