0 3.681818 2.036585 1.000000 1.000000
0 2.681818 4.314815 1.000000 1.000000
0 2.574074 6.112245 1.000000 1.000000
0 0.802632 5.622807 1.000000 1.000000
0 1.338710 8.892857 1.000000 1.000000
0 2.021739 7.537037 1.000000 1.000000
0 2.147059 10.880952 1.000000 1.000000
0 4.138889 3.533898 1.000000 1.000000
0 8.961538 0.500000 1.000000 1.000000
0 6.733333 7.833333 1.000000 1.000000
0 1.277778 3.963415 1.000000 1.000000
0 5.200000 7.015152 1.000000 1.000000
0 6.400000 6.300000 1.000000 1.000000
0 5.211111 4.411765 1.000000 1.000000
0 8.923077 6.150000 1.000000 1.000000
0 4.688679 2.078947 1.000000 1.000000
0 6.240741 4.203704 1.000000 1.000000
0 6.020000 4.306452 1.000000 1.000000
0 4.500000 3.878378 1.000000 1.000000
