0 1.058491 0.697740 1.000000 1.000000
0 3.458580 4.409910 1.000000 1.000000
0 6.245283 3.459538 1.000000 1.000000
0 1.831878 5.931373 1.000000 1.000000
0 1.089286 3.300000 1.000000 1.000000
0 1.736453 7.791262 1.000000 1.000000
0 4.148148 4.130682 1.000000 1.000000
0 3.483740 5.035135 1.000000 1.000000
0 3.911111 6.927481 1.000000 1.000000
0 2.549505 6.969231 1.000000 1.000000
0 3.281250 9.111650 1.000000 1.000000
0 9.357143 8.226415 1.000000 1.000000
0 6.935897 3.721053 1.000000 1.000000
0 7.057377 3.710145 1.000000 1.000000
0 5.953237 8.430556 1.000000 1.000000
0 14.778689 7.066667 1.000000 1.000000
0 9.489011 6.331858 1.000000 1.000000
0 8.560241 3.679724 1.000000 1.000000
0 7.510000 11.513158 1.000000 1.000000
0 9.737113 4.214286 1.000000 1.000000
0 8.315789 3.314159 1.000000 1.000000
0 9.875000 8.254386 1.000000 1.000000
0 8.104651 2.363095 1.000000 1.000000
0 9.735955 0.509434 1.000000 1.000000
0 7.068807 0.509804 1.000000 1.000000
0 12.250000 3.217949 1.000000 1.000000
0 10.895349 12.893443 1.000000 1.000000
0 10.917722 12.300000 1.000000 1.000000
0 12.969388 4.911765 1.000000 1.000000
