0 1.355556 4.240741 1.000000 1.000000
0 2.196262 3.127615 1.000000 1.000000
0 5.353659 2.697531 1.000000 1.000000
0 3.331858 2.274704 1.000000 1.000000
0 2.643678 2.457143 1.000000 1.000000
0 4.342105 1.138009 1.000000 1.000000
0 4.631313 3.264706 1.000000 1.000000
0 6.690476 1.467742 1.000000 1.000000
0 3.803030 0.768293 1.000000 1.000000
0 5.969880 0.754237 1.000000 1.000000
0 2.694444 1.513423 1.000000 1.000000
0 2.387097 2.783828 1.000000 1.000000
0 2.691304 4.751282 1.000000 1.000000
0 2.471591 4.946809 1.000000 1.000000
0 2.333333 9.302469 1.000000 1.000000
0 1.398305 6.059140 1.000000 1.000000
