0 1.531250 1.871429 1.000000 1.000000
0 1.375000 0.751701 1.000000 1.000000
0 2.255556 1.072327 1.000000 1.000000
0 2.799492 1.480676 1.000000 1.000000
0 3.025316 4.451724 1.000000 1.000000
0 5.108333 3.642857 1.000000 1.000000
0 4.053672 2.830677 1.000000 1.000000
0 8.450495 10.692308 1.000000 1.000000
0 6.766667 6.522556 1.000000 1.000000
0 4.205521 2.111111 1.000000 1.000000
0 3.927778 0.632275 1.000000 1.000000
0 8.710000 2.317647 1.000000 1.000000
0 7.604839 4.312081 1.000000 1.000000
0 9.843434 1.769841 1.000000 1.000000
0 8.744898 14.762295 1.000000 1.000000
0 7.589431 6.814286 1.000000 1.000000
0 2.095376 2.075130 1.000000 1.000000
0 1.705263 1.466825 1.000000 1.000000
