0 3.908696 2.875000 1.000000 1.000000
0 4.053846 2.614583 1.000000 1.000000
0 5.011905 1.018750 1.000000 1.000000
0 5.478261 0.521978 1.000000 1.000000
0 5.008333 1.847826 1.000000 1.000000
0 5.841667 1.328358 1.000000 1.000000
0 6.688889 0.515267 1.000000 1.000000
0 8.321429 0.510101 1.000000 1.000000
0 6.901786 1.056452 1.000000 1.000000
0 7.252137 0.971910 1.000000 1.000000
0 6.256944 3.631148 1.000000 1.000000
0 7.037879 4.318182 1.000000 1.000000
0 8.000000 2.358108 1.000000 1.000000
0 7.980519 2.904580 1.000000 1.000000
0 7.020000 3.213178 1.000000 1.000000
0 4.971910 3.013699 1.000000 1.000000
0 4.305825 5.762626 1.000000 1.000000
0 6.127907 4.922018 1.000000 1.000000
0 5.572072 4.188525 1.000000 1.000000
0 5.677419 4.000000 1.000000 1.000000
0 7.480952 3.855372 1.000000 1.000000
0 6.493151 4.761364 1.000000 1.000000
0 6.660839 6.474684 1.000000 1.000000
0 4.226027 1.730769 1.000000 1.000000
0 4.119718 2.747863 1.000000 1.000000
0 2.523810 2.147887 1.000000 1.000000
0 1.329787 1.881250 1.000000 1.000000
0 3.902597 3.227941 1.000000 1.000000
0 1.475309 5.500000 1.000000 1.000000
0 0.700000 5.786957 1.000000 1.000000
0 0.514493 3.435780 1.000000 1.000000
0 1.068182 0.698864 1.000000 1.000000
0 3.681818 4.805785 1.000000 1.000000
0 2.612500 4.251938 1.000000 1.000000
0 3.383333 4.921053 1.000000 1.000000
0 4.326087 6.250000 1.000000 1.000000
0 2.600000 6.192913 1.000000 1.000000
0 1.776316 6.698276 1.000000 1.000000
0 5.064706 5.690083 1.000000 1.000000
0 6.979452 5.138462 1.000000 1.000000
0 6.554945 5.034884 1.000000 1.000000
0 6.752525 7.365169 1.000000 1.000000
0 8.244444 5.159722 1.000000 1.000000
0 7.228000 7.626582 1.000000 1.000000
0 11.069767 4.516129 1.000000 1.000000
0 4.181159 8.490291 1.000000 1.000000
0 2.978261 9.553763 1.000000 1.000000
0 1.333333 11.512658 1.000000 1.000000
0 5.093023 7.388889 1.000000 1.000000
0 6.205882 6.995575 1.000000 1.000000
