0 8.150602 3.581481 1.000000 1.000000
0 8.194118 4.102837 1.000000 1.000000
0 11.029412 4.829114 1.000000 1.000000
0 4.585366 14.657895 1.000000 1.000000
0 6.908163 8.926829 1.000000 1.000000
0 7.125000 4.359649 1.000000 1.000000
0 1.256757 1.584112 1.000000 1.000000
0 0.508065 0.962687 1.000000 1.000000
0 11.571429 1.904580 1.000000 1.000000
0 12.250000 2.028169 1.000000 1.000000
0 9.067010 4.994253 1.000000 1.000000
0 5.587591 5.058442 1.000000 1.000000
0 4.835260 6.466667 1.000000 1.000000
0 5.073964 7.444444 1.000000 1.000000
0 7.629412 11.200000 1.000000 1.000000
0 8.324561 9.958824 1.000000 1.000000
0 8.000000 11.828947 1.000000 1.000000
0 8.125000 11.634146 1.000000 1.000000
0 3.206522 13.757143 1.000000 1.000000
0 1.868421 7.250000 1.000000 1.000000
0 0.512048 5.278761 1.000000 1.000000
0 11.987805 8.316901 1.000000 1.000000
0 11.547059 7.803030 1.000000 1.000000
0 6.500000 1.640845 1.000000 1.000000
0 8.370130 2.932990 1.000000 1.000000
0 9.034247 3.682692 1.000000 1.000000
0 8.423077 1.166667 1.000000 1.000000
0 6.231183 5.937500 1.000000 1.000000
0 7.139535 6.223214 1.000000 1.000000
0 7.908451 8.650538 1.000000 1.000000
