0 5.820755 3.073034 1.000000 1.000000
0 4.978261 4.984848 1.000000 1.000000
0 3.617647 3.926230 1.000000 1.000000
0 3.160000 4.742424 1.000000 1.000000
0 0.840000 2.589552 1.000000 1.000000
0 7.304878 0.980769 1.000000 1.000000
0 6.789474 0.516393 1.000000 1.000000
0 3.357143 2.841772 1.000000 1.000000
0 1.987805 2.603448 1.000000 1.000000
0 4.544444 4.111765 1.000000 1.000000
0 7.871429 5.880000 1.000000 1.000000
0 7.642857 7.129630 1.000000 1.000000
0 0.541667 2.196429 1.000000 1.000000
0 2.125000 9.235294 1.000000 1.000000
