0 3.323529 1.340909 1.000000 1.000000
0 5.777778 3.161017 1.000000 1.000000
0 1.560606 2.706349 1.000000 1.000000
0 0.527027 4.051020 1.000000 1.000000
0 1.445055 0.518182 1.000000 1.000000
0 7.033333 1.793333 1.000000 1.000000
0 6.000000 4.125000 1.000000 1.000000
0 12.468750 1.394118 1.000000 1.000000
0 2.065217 6.269231 1.000000 1.000000
0 4.957143 5.679104 1.000000 1.000000
0 4.638889 3.600000 1.000000 1.000000
0 6.085366 13.607143 1.000000 1.000000
0 7.500000 4.913793 1.000000 1.000000
0 8.540000 2.296610 1.000000 1.000000
0 2.531250 3.177966 1.000000 1.000000
