0 4.619403 3.398734 1.000000 1.000000
0 5.454545 3.564103 1.000000 1.000000
0 3.288889 4.808824 1.000000 1.000000
0 4.513699 0.616505 1.000000 1.000000
0 3.475610 1.216049 1.000000 1.000000
0 4.033333 1.292208 1.000000 1.000000
0 2.636986 3.544776 1.000000 1.000000
0 3.931373 3.715686 1.000000 1.000000
0 5.595238 4.033333 1.000000 1.000000
0 0.800000 4.355072 1.000000 1.000000
0 0.981481 4.500000 1.000000 1.000000
0 1.921875 4.236842 1.000000 1.000000
0 0.628205 1.458763 1.000000 1.000000
0 1.177778 0.534483 1.000000 1.000000
0 1.640187 0.962963 1.000000 1.000000
