0 10.428571 9.819444 1.000000 1.000000
0 2.552632 13.069231 1.000000 1.000000
0 2.107843 6.572289 1.000000 1.000000
0 0.630435 9.860656 1.000000 1.000000
0 2.671429 12.063636 1.000000 1.000000
0 2.750000 15.382353 1.000000 1.000000
0 5.153061 11.449367 1.000000 1.000000
0 24.306452 7.304348 1.000000 1.000000
0 19.318182 7.738095 1.000000 1.000000
0 24.038462 5.586957 1.000000 1.000000
0 16.282609 4.639535 1.000000 1.000000
0 18.763158 6.676471 1.000000 1.000000
0 14.140000 8.166667 1.000000 1.000000
0 13.982759 9.134146 1.000000 1.000000
0 14.274194 8.223404 1.000000 1.000000
0 21.150000 15.940000 1.000000 1.000000
0 19.452381 14.120690 1.000000 1.000000
0 13.660000 16.086207 1.000000 1.000000
0 6.500000 21.500000 1.000000 1.000000
0 5.730769 23.240741 1.000000 1.000000
0 14.657895 20.741379 1.000000 1.000000
0 29.293103 5.973684 1.000000 1.000000
0 28.293103 4.500000 1.000000 1.000000
0 27.982759 3.700000 1.000000 1.000000
0 28.948276 5.156250 1.000000 1.000000
0 25.528571 4.078947 1.000000 1.000000
0 21.378049 6.754545 1.000000 1.000000
0 19.218750 3.360465 1.000000 1.000000
