0 1.067568 1.474138 1.000000 1.000000
0 0.514286 1.591603 1.000000 1.000000
0 2.759259 0.644654 1.000000 1.000000
0 3.390244 2.029412 1.000000 1.000000
0 3.626437 1.399083 1.000000 1.000000
0 0.906250 2.017647 1.000000 1.000000
0 0.509615 3.803030 1.000000 1.000000
0 1.438596 5.702532 1.000000 1.000000
0 1.966019 4.842593 1.000000 1.000000
0 2.616279 1.767045 1.000000 1.000000
0 3.694444 2.750000 1.000000 1.000000
0 6.079545 4.562500 1.000000 1.000000
0 5.153846 0.529126 1.000000 1.000000
0 9.797872 1.474684 1.000000 1.000000
0 2.481481 6.183168 1.000000 1.000000
0 0.732558 8.450000 1.000000 1.000000
0 2.920000 8.937500 1.000000 1.000000
0 3.328125 6.054622 1.000000 1.000000
0 3.910256 11.271930 1.000000 1.000000
0 6.150794 3.750000 1.000000 1.000000
0 4.206422 5.794737 1.000000 1.000000
0 4.941558 4.322368 1.000000 1.000000
0 2.085185 8.295918 1.000000 1.000000
0 2.088235 6.673228 1.000000 1.000000
0 0.507634 9.357143 1.000000 1.000000
0 2.698630 8.000000 1.000000 1.000000
0 3.075758 6.920290 1.000000 1.000000
0 2.229412 9.744898 1.000000 1.000000
0 0.925532 7.029412 1.000000 1.000000
0 4.446903 5.449275 1.000000 1.000000
0 8.638462 6.255245 1.000000 1.000000
0 8.828571 7.393805 1.000000 1.000000
0 7.018519 1.315287 1.000000 1.000000
0 7.820513 0.881944 1.000000 1.000000
0 6.104396 0.519231 1.000000 1.000000
0 9.151515 2.527397 1.000000 1.000000
0 3.586093 3.631148 1.000000 1.000000
0 5.750000 10.876471 1.000000 1.000000
0 11.335821 12.694030 1.000000 1.000000
0 8.027473 9.123529 1.000000 1.000000
0 6.990000 6.105769 1.000000 1.000000
0 9.746914 6.338384 1.000000 1.000000
0 10.130137 3.718978 1.000000 1.000000
0 12.632075 2.821168 1.000000 1.000000
0 7.561856 1.782828 1.000000 1.000000
0 6.690000 4.881818 1.000000 1.000000
0 8.984536 2.803191 1.000000 1.000000
0 9.805882 6.474359 1.000000 1.000000
0 13.075342 6.626984 1.000000 1.000000
0 12.979452 6.245614 1.000000 1.000000
0 12.232394 3.584906 1.000000 1.000000
0 5.421986 3.849515 1.000000 1.000000
0 10.180000 2.257812 1.000000 1.000000
0 8.873832 4.477011 1.000000 1.000000
0 17.634615 12.819444 1.000000 1.000000
0 15.453125 23.597561 1.000000 1.000000
0 20.797297 22.590909 1.000000 1.000000
