0 11.112903 2.944444 1.000000 1.000000
0 9.310811 2.222222 1.000000 1.000000
0 8.106061 6.800000 1.000000 1.000000
0 4.769231 3.558824 1.000000 1.000000
0 4.468750 4.437500 1.000000 1.000000
0 6.342105 19.863636 1.000000 1.000000
0 6.966667 20.590909 1.000000 1.000000
0 12.777778 8.687500 1.000000 1.000000
0 8.900000 10.833333 1.000000 1.000000
0 4.409091 10.750000 1.000000 1.000000
0 15.055556 7.576923 1.000000 1.000000
0 20.394737 5.452381 1.000000 1.000000
0 14.538462 5.633333 1.000000 1.000000
0 17.227273 2.566667 1.000000 1.000000
0 5.911765 1.454545 1.000000 1.000000
0 5.461538 1.800000 1.000000 1.000000
0 10.595238 2.441176 1.000000 1.000000
0 3.892857 13.863636 1.000000 1.000000
0 4.224138 5.181818 1.000000 1.000000
0 5.300000 9.916667 1.000000 1.000000
0 5.653846 5.023810 1.000000 1.000000
0 11.152174 9.576923 1.000000 1.000000
0 7.520833 15.375000 1.000000 1.000000
0 11.661290 15.233333 1.000000 1.000000
0 9.012821 13.433333 1.000000 1.000000
0 9.269231 7.586957 1.000000 1.000000
0 11.392857 6.220000 1.000000 1.000000
0 8.277778 13.192308 1.000000 1.000000
0 3.722222 6.951613 1.000000 1.000000
0 2.978261 11.300000 1.000000 1.000000
0 3.642857 13.166667 1.000000 1.000000
0 3.772727 11.735294 1.000000 1.000000
0 2.200000 9.452381 1.000000 1.000000
0 8.750000 10.687500 1.000000 1.000000
0 9.323529 8.447368 1.000000 1.000000
0 6.428571 12.863636 1.000000 1.000000
0 10.250000 7.131579 1.000000 1.000000
0 8.543478 11.653846 1.000000 1.000000
0 6.271429 12.300000 1.000000 1.000000
0 9.653846 10.558824 1.000000 1.000000
0 7.954545 14.807692 1.000000 1.000000
0 5.090909 17.863636 1.000000 1.000000
