0 7.121622 2.576923 1.000000 1.000000
0 4.676471 4.635593 1.000000 1.000000
0 9.187500 1.540000 1.000000 1.000000
0 0.517857 1.914414 1.000000 1.000000
0 0.948980 6.326087 1.000000 1.000000
0 1.558824 5.872881 1.000000 1.000000
0 2.961538 4.930556 1.000000 1.000000
0 2.593023 6.286885 1.000000 1.000000
0 5.500000 8.500000 1.000000 1.000000
0 9.029412 7.260870 1.000000 1.000000
0 14.100000 5.734043 1.000000 1.000000
0 5.934783 3.134921 1.000000 1.000000
0 16.676471 7.385714 1.000000 1.000000
0 8.357143 6.277778 1.000000 1.000000
0 4.611111 1.931373 1.000000 1.000000
0 7.789474 2.328571 1.000000 1.000000
0 10.375000 12.700000 1.000000 1.000000
0 6.642857 12.107143 1.000000 1.000000
0 9.456522 9.944444 1.000000 1.000000
0 4.796296 6.590909 1.000000 1.000000
0 2.875000 5.349057 1.000000 1.000000
