0 3.093750 1.114618 1.000000 1.000000
0 2.818182 1.134146 1.000000 1.000000
0 2.272973 2.483539 1.000000 1.000000
0 3.407514 2.460630 1.000000 1.000000
0 1.608108 1.756158 1.000000 1.000000
0 1.614943 4.625000 1.000000 1.000000
0 10.170330 2.645631 1.000000 1.000000
0 5.698473 6.561947 1.000000 1.000000
0 9.097701 2.009554 1.000000 1.000000
0 4.966019 0.898148 1.000000 1.000000
0 3.759259 0.712389 1.000000 1.000000
0 3.396552 2.090361 1.000000 1.000000
0 2.290000 4.746835 1.000000 1.000000
0 11.212500 4.505464 1.000000 1.000000
0 6.064885 6.431818 1.000000 1.000000
0 2.786957 4.282178 1.000000 1.000000
0 8.150000 1.133333 1.000000 1.000000
